[DEBUG] reverse_block_buffer pointer 0 = 0x5617822cfeb0
[DEBUG] A:
0.000000e+00 1.000000e+00 2.000000e+00 3.000000e+00 4.000000e+00 5.000000e+00 6.000000e+00 7.000000e+00 8.000000e+00 9.000000e+00 
1.000000e+00 0.000000e+00 1.000000e+00 2.000000e+00 3.000000e+00 4.000000e+00 5.000000e+00 6.000000e+00 7.000000e+00 8.000000e+00 
2.000000e+00 1.000000e+00 0.000000e+00 1.000000e+00 2.000000e+00 3.000000e+00 4.000000e+00 5.000000e+00 6.000000e+00 7.000000e+00 
3.000000e+00 2.000000e+00 1.000000e+00 0.000000e+00 1.000000e+00 2.000000e+00 3.000000e+00 4.000000e+00 5.000000e+00 6.000000e+00 
4.000000e+00 3.000000e+00 2.000000e+00 1.000000e+00 0.000000e+00 1.000000e+00 2.000000e+00 3.000000e+00 4.000000e+00 5.000000e+00 
5.000000e+00 4.000000e+00 3.000000e+00 2.000000e+00 1.000000e+00 0.000000e+00 1.000000e+00 2.000000e+00 3.000000e+00 4.000000e+00 
6.000000e+00 5.000000e+00 4.000000e+00 3.000000e+00 2.000000e+00 1.000000e+00 0.000000e+00 1.000000e+00 2.000000e+00 3.000000e+00 
7.000000e+00 6.000000e+00 5.000000e+00 4.000000e+00 3.000000e+00 2.000000e+00 1.000000e+00 0.000000e+00 1.000000e+00 2.000000e+00 
8.000000e+00 7.000000e+00 6.000000e+00 5.000000e+00 4.000000e+00 3.000000e+00 2.000000e+00 1.000000e+00 0.000000e+00 1.000000e+00 
9.000000e+00 8.000000e+00 7.000000e+00 6.000000e+00 5.000000e+00 4.000000e+00 3.000000e+00 2.000000e+00 1.000000e+00 0.000000e+00 

[DEBUG] B:
~~~~~~~~~~~~~~~~~~~~~~~~~~~~~~~~~~~~
1.000000e+00 0.000000e+00 0.000000e+00 0.000000e+00 0.000000e+00 0.000000e+00 0.000000e+00 0.000000e+00 0.000000e+00 0.000000e+00 
0.000000e+00 1.000000e+00 0.000000e+00 0.000000e+00 0.000000e+00 0.000000e+00 0.000000e+00 0.000000e+00 0.000000e+00 0.000000e+00 
0.000000e+00 0.000000e+00 1.000000e+00 0.000000e+00 0.000000e+00 0.000000e+00 0.000000e+00 0.000000e+00 0.000000e+00 0.000000e+00 
0.000000e+00 0.000000e+00 0.000000e+00 1.000000e+00 0.000000e+00 0.000000e+00 0.000000e+00 0.000000e+00 0.000000e+00 0.000000e+00 
0.000000e+00 0.000000e+00 0.000000e+00 0.000000e+00 1.000000e+00 0.000000e+00 0.000000e+00 0.000000e+00 0.000000e+00 0.000000e+00 
0.000000e+00 0.000000e+00 0.000000e+00 0.000000e+00 0.000000e+00 1.000000e+00 0.000000e+00 0.000000e+00 0.000000e+00 0.000000e+00 
0.000000e+00 0.000000e+00 0.000000e+00 0.000000e+00 0.000000e+00 0.000000e+00 1.000000e+00 0.000000e+00 0.000000e+00 0.000000e+00 
0.000000e+00 0.000000e+00 0.000000e+00 0.000000e+00 0.000000e+00 0.000000e+00 0.000000e+00 1.000000e+00 0.000000e+00 0.000000e+00 
0.000000e+00 0.000000e+00 0.000000e+00 0.000000e+00 0.000000e+00 0.000000e+00 0.000000e+00 0.000000e+00 1.000000e+00 0.000000e+00 
0.000000e+00 0.000000e+00 0.000000e+00 0.000000e+00 0.000000e+00 0.000000e+00 0.000000e+00 0.000000e+00 0.000000e+00 1.000000e+00 

[DEBUG] Thread 0 started
[DEBUG] A:
1.000000e+00 0.000000e+00 0.000000e+00 0.000000e+00 0.000000e+00 0.000000e+00 0.000000e+00 0.000000e+00 0.000000e+00 0.000000e+00 
0.000000e+00 1.000000e+00 0.000000e+00 0.000000e+00 0.000000e+00 0.000000e+00 0.000000e+00 0.000000e+00 0.000000e+00 0.000000e+00 
0.000000e+00 0.000000e+00 1.000000e+00 0.000000e+00 0.000000e+00 0.000000e+00 0.000000e+00 0.000000e+00 0.000000e+00 0.000000e+00 
0.000000e+00 0.000000e+00 0.000000e+00 1.000000e+00 0.000000e+00 0.000000e+00 0.000000e+00 0.000000e+00 0.000000e+00 0.000000e+00 
0.000000e+00 0.000000e+00 0.000000e+00 0.000000e+00 1.000000e+00 0.000000e+00 0.000000e+00 0.000000e+00 0.000000e+00 0.000000e+00 
0.000000e+00 0.000000e+00 0.000000e+00 0.000000e+00 0.000000e+00 1.000000e+00 0.000000e+00 0.000000e+00 0.000000e+00 0.000000e+00 
0.000000e+00 0.000000e+00 0.000000e+00 0.000000e+00 0.000000e+00 0.000000e+00 1.000000e+00 0.000000e+00 0.000000e+00 0.000000e+00 
0.000000e+00 0.000000e+00 0.000000e+00 0.000000e+00 0.000000e+00 0.000000e+00 0.000000e+00 1.000000e+00 0.000000e+00 0.000000e+00 
0.000000e+00 0.000000e+00 0.000000e+00 0.000000e+00 0.000000e+00 0.000000e+00 0.000000e+00 0.000000e+00 1.000000e+00 0.000000e+00 
0.000000e+00 0.000000e+00 0.000000e+00 0.000000e+00 0.000000e+00 0.000000e+00 0.000000e+00 0.000000e+00 0.000000e+00 1.000000e+00 

[DEBUG] B:
-4.994995e-01 5.000000e-01 -5.684475e-17 -1.667002e-18 -3.334003e-18 1.178195e-26 -1.111334e-19 -1.136895e-16 -2.222669e-19 5.565562e-16 
5.000000e-01 -1.000000e+00 5.000000e-01 2.190121e-27 -2.220446e-16 1.627026e-29 6.661338e-16 -8.881784e-16 4.440892e-16 -4.440892e-16 
-5.124240e-17 5.000000e-01 -1.000000e+00 5.000000e-01 4.440892e-16 2.220446e-16 -1.332268e-15 1.554312e-15 -1.332268e-15 1.776357e-15 
-3.097374e-18 5.551115e-17 5.000000e-01 -1.000000e+00 5.000000e-01 -6.661338e-16 6.661338e-16 -2.220446e-16 1.554312e-15 -2.664535e-15 
-7.782872e-18 -1.110223e-16 1.110223e-16 5.000000e-01 -1.000000e+00 5.000000e-01 -2.220446e-16 -4.440892e-16 -6.661338e-16 1.332268e-15 
-1.473860e-17 1.110223e-16 -1.110223e-16 -3.330669e-16 5.000000e-01 -1.000000e+00 5.000000e-01 -8.526753e-27 -2.220446e-16 -1.332268e-15 
-2.726815e-27 2.129924e-29 1.029463e-28 2.220446e-16 -2.220446e-16 5.000000e-01 -1.000000e+00 5.000000e-01 4.440892e-16 3.547902e-28 
2.227189e-17 -2.086364e-28 6.818710e-29 2.959992e-29 -1.234215e-28 2.003707e-28 5.000000e-01 -1.000000e+00 5.000000e-01 6.661338e-16 
-2.474480e-16 2.220446e-16 2.220446e-16 -2.220446e-16 -2.220446e-16 4.440892e-16 -2.220446e-16 5.000000e-01 -1.000000e+00 5.000000e-01 
4.883669e-16 -6.661338e-16 -2.220446e-16 6.661338e-16 2.220446e-16 -8.881784e-16 2.220446e-16 2.220446e-16 5.000000e-01 -1.000000e+00 

[DEBUG] C:
1.000000e+00 5.551115e-17 1.110223e-16 1.110223e-16 -2.220446e-16 -5.052244e-25 2.220446e-16 6.661338e-16 -4.440892e-16 -4.440892e-15 
9.436896e-15 1.000000e+00 1.678671e-16 1.667001e-18 -4.407552e-16 -5.031471e-25 2.221557e-16 3.357341e-16 -4.438669e-16 -3.221092e-15 
9.936496e-15 -5.556672e-20 1.000000e+00 3.334003e-18 -6.594658e-16 -4.978386e-25 1.110445e-15 -8.828440e-16 8.886230e-16 -3.777648e-15 
9.714451e-15 -2.783893e-17 2.815566e-16 1.000000e+00 1.000201e-17 4.440892e-16 -2.217112e-16 -3.250653e-16 -8.875116e-16 -3.374011e-16 
8.659740e-15 5.540002e-17 5.604459e-16 -2.153766e-16 1.000000e+00 -4.440892e-16 4.445333e-19 6.768026e-16 8.890678e-19 -8.939574e-16 
8.659740e-15 -8.340564e-17 6.172907e-16 -1.026873e-16 1.667002e-17 1.000000e+00 -4.435335e-16 3.464029e-16 4.452005e-16 -1.182460e-16 
7.327472e-15 -1.667002e-19 6.741354e-16 -3.230649e-16 3.530709e-16 -4.604488e-25 1.000000e+00 2.380478e-16 -2.207110e-16 -2.007070e-15 
7.716050e-15 8.307224e-17 1.175069e-15 -2.103756e-16 2.453826e-16 -4.551403e-25 -4.433113e-16 1.000000e+00 2.236005e-16 -3.229760e-15 
7.271961e-15 1.663112e-16 1.231914e-15 -3.197309e-16 2.487166e-16 -4.498318e-25 -4.432001e-16 1.131561e-15 1.000000e+00 -3.564272e-15 
5.995204e-15 6.936393e-16 1.288759e-15 -8.731754e-16 3.000603e-17 1.332268e-15 -1.109223e-15 1.245250e-15 -6.641334e-16 1.000000e+00 

[DEBUG] Residual: 1.46469e-16
[0] elapsed_thread = 7.507e-01 wall_clock = 7.563e-01[DEBUG] reverse_block_buffer pointer 0 = 0x5617822cfeb0
