[DEBUG][1] Amount of rows:9 
[DEBUG] Total amount of processes: 2
[DEBUG] Total amount of rows: 16
[DEBUG][0] Amount of rows:9 
Initial matrix:
1000.000000 999.000000 998.000000 997.000000 996.000000 995.000000 994.000000 993.000000 992.000000 991.000000 
999.000000 999.000000 998.000000 997.000000 996.000000 995.000000 994.000000 993.000000 992.000000 991.000000 
998.000000 998.000000 998.000000 997.000000 996.000000 995.000000 994.000000 993.000000 992.000000 991.000000 
997.000000 997.000000 997.000000 997.000000 996.000000 995.000000 994.000000 993.000000 992.000000 991.000000 
996.000000 996.000000 996.000000 996.000000 996.000000 995.000000 994.000000 993.000000 992.000000 991.000000 
995.000000 995.000000 995.000000 995.000000 995.000000 995.000000 994.000000 993.000000 992.000000 991.000000 
994.000000 994.000000 994.000000 994.000000 994.000000 994.000000 994.000000 993.000000 992.000000 991.000000 
993.000000 993.000000 993.000000 993.000000 993.000000 993.000000 993.000000 993.000000 992.000000 991.000000 
992.000000 992.000000 992.000000 992.000000 992.000000 992.000000 992.000000 992.000000 992.000000 991.000000 
991.000000 991.000000 991.000000 991.000000 991.000000 991.000000 991.000000 991.000000 991.000000 991.000000 
[DEBUG] Matrix norm = 5.005e+05
[DEBUG] Matrix norm = 5.005e+05
[0] displacement = 0 sendcounts = 28800
[1] displacement = 28800 sendcounts = 28800
Initial matrix after solution:
1.000000 -0.000000 -0.000000 -0.000000 -0.000000 -0.000000 -0.000000 -0.000000 -0.000000 -0.000000 
0.000000 1.000000 -0.000000 -0.000000 -0.000000 -0.000000 -0.000000 -0.000000 -0.000000 -0.000000 
-0.000000 -0.000000 1.000000 -0.000000 -0.000000 -0.000000 -0.000000 -0.000000 -0.000000 -0.000000 
-0.000000 0.000000 -0.000000 1.000000 -0.000000 -0.000000 -0.000000 -0.000000 -0.000000 -0.000000 
0.000000 0.000000 0.000000 -0.000000 1.000000 -0.000000 0.000000 0.000000 0.000000 -0.000000 
-0.000000 -0.000000 -0.000000 -0.000000 -0.000000 1.000000 -0.000000 -0.000000 -0.000000 -0.000000 
0.000000 0.000000 0.000000 0.000000 0.000000 0.000000 1.000000 0.000000 0.000000 0.000000 
-0.000000 -0.000000 0.000000 -0.000000 -0.000000 -0.000000 0.000000 1.000000 0.000000 -0.000000 
0.000000 0.000000 0.000000 0.000000 0.000000 0.000000 0.000000 0.000000 1.000000 0.000000 
-0.000000 -0.000000 -0.000000 -0.000000 -0.000000 -0.000000 -0.000000 -0.000000 -0.000000 1.000000 
Reverse matrix after solution:
1.000000 -1.000000 0.000000 -0.000000 0.000000 -0.000000 0.000000 0.000000 -0.000000 0.000000 
-1.000000 2.000000 -1.000000 0.000000 -0.000000 0.000000 0.000000 -0.000000 0.000000 -0.000000 
0.000000 -1.000000 2.000000 -1.000000 0.000000 -0.000000 -0.000000 0.000000 -0.000000 0.000000 
-0.000000 0.000000 -1.000000 2.000000 -1.000000 0.000000 0.000000 -0.000000 -0.000000 0.000000 
0.000000 -0.000000 0.000000 -1.000000 2.000000 -1.000000 -0.000000 0.000000 0.000000 -0.000000 
-0.000000 0.000000 0.000000 0.000000 -1.000000 2.000000 -1.000000 -0.000000 -0.000000 0.000000 
0.000000 0.000000 -0.000000 0.000000 -0.000000 -1.000000 2.000000 -1.000000 -0.000000 0.000000 
0.000000 -0.000000 0.000000 -0.000000 0.000000 -0.000000 -1.000000 2.000000 -1.000000 -0.000000 
-0.000000 0.000000 -0.000000 0.000000 0.000000 -0.000000 -0.000000 -1.000000 2.000000 -1.000000 
-0.000000 -0.000000 0.000000 0.000000 -0.000000 0.000000 0.000000 -0.000000 -1.000000 2.000000 
Check matrix solution:
-0.000000 -0.000000 -0.000000 -0.000000 -0.000000 -0.000000 -0.000000 -0.000000 -0.000000 -0.000000 
-0.000000 -0.000000 -0.000000 -0.000000 -0.000000 -0.000000 -0.000000 -0.000000 -0.000000 -0.000000 
-0.000000 -0.000000 -0.000000 -0.000000 -0.000000 -0.000000 -0.000000 -0.000000 -0.000000 -0.000000 
-0.000000 -0.000000 -0.000000 0.000000 -0.000000 -0.000000 -0.000000 -0.000000 -0.000000 -0.000000 
0.000000 0.000000 0.000000 -0.000000 0.000000 -0.000000 0.000000 0.000000 0.000000 -0.000000 
-0.000000 -0.000000 -0.000000 -0.000000 -0.000000 -0.000000 -0.000000 -0.000000 -0.000000 -0.000000 
0.000000 0.000000 0.000000 0.000000 0.000000 0.000000 0.000000 0.000000 0.000000 0.000000 
-0.000000 -0.000000 0.000000 -0.000000 -0.000000 -0.000000 0.000000 -0.000000 0.000000 -0.000000 
0.000000 0.000000 0.000000 0.000000 0.000000 0.000000 0.000000 0.000000 0.000000 0.000000 
-0.000000 -0.000000 -0.000000 -0.000000 -0.000000 -0.000000 -0.000000 -0.000000 -0.000000 -0.000000 
[DEBUG] Residual = 2.059e-06
[DEBUG] Residual = 2.059e-06
